    "a": (0.0024, 100, 760, 0.085, 0.817, 1, 1, 1),
    "b": (0.0041, 100, 860, 0.280, 0.779, 1, 1, 1),
    "c": (0.0022, 40, 690, 0.259, 0.903, 1, 1, 1),
    "d": (0.0029, 40, 690, 0.559, 0.939, 1, 1, 4),
    "e": (0.0032, 40, 710, 0.587, 0.918, 1, 1, 1),
    "f": (0.0064, 40, 730, 0.587, 0.891, 0.5, 1, 4),
    "g": (0.0027, 25, 660, 0.872, 0.971, 1, 1, 4),
    "h": (0.0032, 25, 660, 0.898, 0.983, 1, 1, 4),
    "i": (0.0041, 25, 660, 0.910, 0.984, 0.5, 1, 4),
    "j": (0.0054, 25, 670, 0.875, 0.964, 0.5, 1, 4),
    "k": (0.0077, 25, 680, 0.802, 0.935, 1, 1, 1),
    "l": (0.0026, 24, 650, 0.908, 0.989, 1, 1, 4),
    "m": (0.0028, 23, 650, 1.000, 0.997, 1, 0.25, 1),
    "n": (0.0031, 23, 650, 0.976, 0.997, None, None, None),
    "o": (0.0034, 23, 650, 0.974, 0.996, 0.5, 1, 1),
    "p": (0.0041, 23, 650, 0.972, 0.997, 0.5, 1, 1),
    "q": (0.0022, 23, 650, 0.848, 0.983, 1, 1, 4),
    "r": (0.0054, 23, 650, 0.874, 0.982, 1, 1, 1),
    "s": (0.0022, 21, 640, 0.886, 0.990, 1, 1, 4),
    "t": (0.0088, 20, 650, 0.803, 1.020, 1, 1, 1),
    "u": (0.0026, 23, 650, 0.902, 0.988, 1, 1, 1),
    "v": (0.0031, 23, 650, 0.960, 0.995, 1, 1, 1),
    "w": (0.0039, 23, 650, 0.959, 0.995, 1, 1, 4),
    "x": (0.0049, 23, 650, 0.910, 0.988, 1, 1, 1),
    "y": (0.0031, 22, 650, 0.996, 0.994, 1, 1, 4),
    "z": (0.0038, 22, 650, 0.993, 0.994, 1, 1, 4)